6807
-8874
-1055
4414
1728
-2237
-7507
7990
-5012
7353
-6736
-7604
5273
9331
-7753
-4370
267
903
7674
5436
9479
9432
4472
7258
8709
4358
-6775
68
-2849
-9951
-8643
-4010
-4667
-5829
-5222
-7609
3054
7935
173
9596
-4557
-4823
-6198
8450
5533
-6059
7411
9102
914
9501
2704
-140
1179
-1572
7095
3613
5888
-4184
1910
4401
591
-9504
3116
-6230
1867
3816
2402
7667
-3532
-2985
-3462
7737
8886
-102
-3013
9948
8032
-841
7663
8974
5234
-3366
3926
2583
3295
-3398
1058
2518
2141
8894
7151
-1766
-8183
1773
-6715
-9266
2472
9986
-4478
-1456
3812
4658
3034
6682
4633
7981
-2976
8849
-5089
-5617
9034
-4112
-9800
-1462
-3454
5890
-9012
7557
1231
6409
491
-5925
-8728
-6474
3510
-244
8413
8772
1584
6869
-7293
5355
-4059
-3303
-657
2192
2039
-1128
626
-887
-4769
-7750
5026
7151
-3960
5902
-9587
27
265
-5445
-1850
2907
5564
3872
-823
7660
8685
-3164
-7839
9902
-487
8353
-5987
4948
2192
2283
428
2596
636
6480
1141
-9697
1467
-8677
-9786
-9636
-620
653
-5463
6062
9858
8655
-1583
5507
-719
9275
-9471
7296
3768
-9
7546
7645
1272
2135
-9529
3904
-6105
-1925
-2491
5606
-8731
-8100
2830
-2078
6293
752
5289
-5201
1564
4944
-2368
6432
-1421
-7142
6331
3374
-2164
7518
-6876
8576
-7797
-4499
-1751
5777
-3832
-5058
8187
6101
9131
7884
5904
-5000
-8309
-5961
-4598
3563
-1734
-9874
6294
-2489
-8966
6243
-3343
-9103
1757
792
9403
-3384
5555
6155
7781
-2456
7775
-8096
4382
-1
1925
-7340
4493
-1791
9304
-2202
1858
-8596
-4101
-2373
-8907
-4668
-1966
-202
-4915
5789
-7658
-4649
-2753
101
-6763
3542
-9809
4856
-8850
-9803
7959
7229
6301
-9632
-9903
-5683
4849
-1292
-730
-1806
2480
7872
-4634
3695
7216
7174
-424
-157
5299
-3618
2745
2356
9341
6215
997
6059
-2124
-8711
-3721
-5356
6085
3445
7783
-7213
1999
-5649
5770
-1747
-2500
5951
-6212
-3338
-810
2013
3270
3052
-9595
2329
2798
5123
6680
-675
-1738
9560
-2733
-9443
5217
-3316
3352
5124
4775
6317
9720
9802
536
-6018
510
-4579
-4412
9106
-3551
6334
2435
2271
3410
-4330
5567
-5118
-2471
-5503
1476
7608
-9219
-5581
9122
-8888
-1096
2687
-43
170
-5983
-7986
-1601
-2445
-592
-2951
7291
-5578
4514
-5091
6887
-3021
-4429
4775
5259
1623
6391
-2466
8465
-8912
145
7996
8163
-1734
1603
-8532
9988
9402
2130
-2763
5488
6613
-1525
-4215
3378
39
8375
-579
2647
1827
7295
-2987
4052
-5636
9647
-1587
3067
8234
-7189
-4343
8612
941
-8875
5422
-4103
-760
5251
-7532
6416
7244
-8966
-880
-7818
9097
-2279
7262
-7217
-3548
-9851
-7558
-8151
-3461
-9813
-1603
-9184
8981
3537
8574
452
-4855
-6950
8161
2231
9580
-3644
-9068
-5603
-1208
-9989
9734
8650
1534
8194
4613
1867
-3667
-8102
-875
-5564
-9211
4696
-7052
-37
-399
2587
7567
1924
129
5965
-9453
8124
-1698
-813
1576
4881
7498
-9312
7282
2219
-4854
-421
2927
327
4963
-5404
-6861
8293
-5170
4607
6733
2755
-6420
-8385
-1144
1768
9893
8006
-837
-6257
7544
7642
8670
5574
3637
-4134
27
-1590
-7938
1378
-6212
4560
-5501
7465
3597
6704
-2729
9219
-1143
-4944
5924
-9889
-5961
8687
-359
6159
-81
-4607
8786
2196
1427
-9568
-8403
2353
-9307
2924
4801
-6488
8973
343
4814
8704
5631
6554
-210
9542
1660
-5745
6176
6290
-2006
7493
7633
-1752
-7515
5823
195
-1043
-4039
-6353
6615
-6484
-8185
-669
-6335
3032
-8669
8486
3408
7968
7030
-4717
-6976
-5399
2474
-8439
3677
4688
2811
387
5366
8844
-2011
-8254
8611
-3287
9377
6919
3468
-6421
-4732
-4768
7221
-9499
9408
4218
-175
3562
-9266
9834
8182
8693
6983
1270
4593
9304
6064
-7280
-71
3472
8397
-8
2820
5011
-9609
-2508
-7531
6683
-151
8995
-1922
9755
-9548
7727
8852
-801
9472
3589
44
9551
7161
2563
1573
-1264
-4851
8655
1138
6910
-1987
2494
2079
-7019
-2786
3112
-6000
-8579
2049
6821
5449
6204
8410
1883
7149
9207
-8636
174
6765
172
8358
-4152
9824
-933
6398
-6448
-8780
-1443
9178
2411
-5594
-7424
-6713
941
-464
-2859
9371
-4140
-7601
-762
1170
-1204
-1776
-2583
-2356
2955
4369
-2771
-4176
-5670
-6719
-6422
3138
-9591
-7067
-5789
-4469
9564
2838
3310
8523
-9499
-3301
9660
-4045
2830
6903
7505
-4580
-4512
-5671
6895
9540
-7104
-2438
-1104
2136
6883
-902
4323
-6389
-4499
-4870
8313
-1897
8891
-9275
-5563
8215
-2305
-3716
-9359
-1902
7856
6723
4163
5799
-6063
310
7890
-3139
-9076
-3363
-3385
3580
-5411
-2391
3145
9381
-551
379
867
5765
-4409
-963
-7531
5381
-1433
7666
-2526
-7363
-2593
9400
1732
-5020
-9992
1498
-8073
-2852
4944
-270
2633
7881
2847
8894
-109
-764
-3587
4283
1469
4573
5141
-1496
8615
-2870
5204
4043
9495
-6201
-1793
5725
8258
1352
-3836
-1244
944
3479
8478
-5118
1823
7731
9791
-7009
6301
4847
5065
2143
1175
569
1258
7269
-8928
2331
-7166
-1587
161
8618
-1612
9407
8790
7492
-1789
-4371
-5073
4313
-6866
5644
-4887
-8659
-1752
-1531
-9352
-4777
-6566
4481
-5001
7075
2433
-6699
8604
203
-9427
-528
3792
3548
2346
5683
-2557
7048
7202
2300
-2164
-4071
4320
7037
1040
-8363
2411
575
6783
-2635
-7632
2156
-4404
-4063
6435
9853
-8762
-6273
372
-315
8242
620
9632
-7420
-5573
9660
1325
4080
9966
3235
67
4277
1752
-4799
7823
-1534
8457
-1691
-7380
5883
-5942
-7610
5873
-642
4660
1468
-6592
6919
-1910
6066
9963
-2505
-9041
-2569
5640
3919
-3931
6254
3655
-3298
1750
6821
-3064
7772
-3499
5047
-9452
-1914
4320
-253
-5842
3161
9002
6894
-4895
-3444
-4908
-7059
-8702
-5559
4927
-2843
4745
9175
-3287
4545
5527
-7835
-4006
-5122
-1264
-8699
-2030
3952
5893
-6933
-9410
9916
-4557
-8541
5813
1238
-3150
5796
7825
-1803
3128
9804
-998
-1218
-4252
3388
9333
184
6714
-287
6708
-3078
-2846
-9746
408
-9555
4127
-6495
3649
5532
-8763
-635
2399
3710
-5577
2846
-4256
-7635
117
9919
-5727
-6060
-9223
-6885
