-9992
-9989
-9951
-9903
-9889
-9874
-9851
-9813
-9809
-9803
-9800
-9786
-9746
-9697
-9636
-9632
-9609
-9595
-9591
-9587
-9568
-9555
-9548
-9529
-9504
-9499
-9499
-9471
-9453
-9452
-9443
-9427
-9410
-9359
-9352
-9312
-9307
-9275
-9266
-9266
-9223
-9219
-9211
-9184
-9103
-9076
-9068
-9041
-9012
-8966
-8966
-8928
-8912
-8907
-8888
-8875
-8874
-8850
-8780
-8763
-8762
-8731
-8728
-8711
-8702
-8699
-8677
-8669
-8659
-8643
-8636
-8596
-8579
-8541
-8532
-8439
-8403
-8385
-8363
-8309
-8254
-8185
-8183
-8151
-8102
-8100
-8096
-8073
-7986
-7938
-7839
-7835
-7818
-7797
-7753
-7750
-7658
-7635
-7632
-7610
-7609
-7604
-7601
-7558
-7532
-7531
-7531
-7515
-7507
-7424
-7420
-7380
-7363
-7340
-7293
-7280
-7217
-7213
-7189
-7166
-7142
-7104
-7067
-7059
-7052
-7019
-7009
-6976
-6950
-6933
-6885
-6876
-6866
-6861
-6775
-6763
-6736
-6719
-6715
-6713
-6699
-6592
-6566
-6495
-6488
-6484
-6474
-6448
-6422
-6421
-6420
-6389
-6353
-6335
-6273
-6257
-6230
-6212
-6212
-6201
-6198
-6105
-6063
-6060
-6059
-6018
-6000
-5987
-5983
-5961
-5961
-5942
-5925
-5842
-5829
-5789
-5745
-5727
-5683
-5671
-5670
-5649
-5636
-5617
-5603
-5594
-5581
-5578
-5577
-5573
-5564
-5563
-5559
-5503
-5501
-5463
-5445
-5411
-5404
-5399
-5356
-5222
-5201
-5170
-5122
-5118
-5118
-5091
-5089
-5073
-5058
-5020
-5012
-5001
-5000
-4944
-4915
-4908
-4895
-4887
-4870
-4855
-4854
-4851
-4823
-4799
-4777
-4769
-4768
-4732
-4717
-4668
-4667
-4649
-4634
-4607
-4598
-4580
-4579
-4557
-4557
-4512
-4499
-4499
-4478
-4469
-4429
-4412
-4409
-4404
-4371
-4370
-4343
-4330
-4256
-4252
-4215
-4184
-4176
-4152
-4140
-4134
-4112
-4103
-4101
-4071
-4063
-4059
-4045
-4039
-4010
-4006
-3960
-3931
-3836
-3832
-3721
-3716
-3667
-3644
-3618
-3587
-3551
-3548
-3532
-3499
-3462
-3461
-3454
-3444
-3398
-3385
-3384
-3366
-3363
-3343
-3338
-3316
-3303
-3301
-3298
-3287
-3287
-3164
-3150
-3139
-3078
-3064
-3021
-3013
-2987
-2985
-2976
-2951
-2870
-2859
-2852
-2849
-2846
-2843
-2786
-2771
-2763
-2753
-2733
-2729
-2635
-2593
-2583
-2569
-2557
-2526
-2508
-2505
-2500
-2491
-2489
-2471
-2466
-2456
-2445
-2438
-2391
-2373
-2368
-2356
-2305
-2279
-2237
-2202
-2164
-2164
-2124
-2078
-2030
-2011
-2006
-1987
-1966
-1925
-1922
-1914
-1910
-1902
-1897
-1850
-1806
-1803
-1793
-1791
-1789
-1776
-1766
-1752
-1752
-1751
-1747
-1738
-1734
-1734
-1698
-1691
-1612
-1603
-1601
-1590
-1587
-1587
-1583
-1572
-1534
-1531
-1525
-1496
-1462
-1456
-1443
-1433
-1421
-1292
-1264
-1264
-1244
-1218
-1208
-1204
-1144
-1143
-1128
-1104
-1096
-1055
-1043
-998
-963
-933
-902
-887
-880
-875
-841
-837
-823
-813
-810
-801
-764
-762
-760
-730
-719
-675
-669
-657
-642
-635
-620
-592
-579
-551
-528
-487
-464
-424
-421
-399
-359
-315
-287
-270
-253
-244
-210
-202
-175
-157
-151
-140
-109
-102
-81
-71
-43
-37
-9
-8
-1
27
27
39
44
67
68
101
117
129
145
161
170
172
173
174
184
195
203
265
267
310
327
343
372
379
387
408
428
452
491
510
536
569
575
591
620
626
636
653
752
792
867
903
914
941
941
944
997
1040
1058
1138
1141
1170
1175
1179
1231
1238
1258
1270
1272
1325
1352
1378
1427
1467
1468
1469
1476
1498
1534
1564
1573
1576
1584
1603
1623
1660
1728
1732
1750
1752
1757
1768
1773
1823
1827
1858
1867
1867
1883
1910
1924
1925
1999
2013
2039
2049
2079
2130
2135
2136
2141
2143
2156
2192
2192
2196
2219
2231
2271
2283
2300
2329
2331
2346
2353
2356
2399
2402
2411
2411
2433
2435
2472
2474
2480
2494
2518
2563
2583
2587
2596
2633
2647
2687
2704
2745
2755
2798
2811
2820
2830
2830
2838
2846
2847
2907
2924
2927
2955
3032
3034
3052
3054
3067
3112
3116
3128
3138
3145
3161
3235
3270
3295
3310
3352
3374
3378
3388
3408
3410
3445
3468
3472
3479
3510
3537
3542
3548
3562
3563
3580
3589
3597
3613
3637
3649
3655
3677
3695
3710
3768
3792
3812
3816
3872
3904
3919
3926
3952
4043
4052
4080
4127
4163
4218
4277
4283
4313
4320
4320
4323
4358
4369
4382
4401
4414
4472
4481
4493
4514
4545
4560
4573
4593
4607
4613
4633
4658
4660
4688
4696
4745
4775
4775
4801
4814
4847
4849
4856
4881
4927
4944
4944
4948
4963
5011
5026
5047
5065
5123
5124
5141
5204
5217
5234
5251
5259
5273
5289
5299
5355
5366
5381
5422
5436
5449
5488
5507
5527
5532
5533
5555
5564
5567
5574
5606
5631
5640
5644
5683
5725
5765
5770
5777
5789
5796
5799
5813
5823
5873
5883
5888
5890
5893
5902
5904
5924
5951
5965
6059
6062
6064
6066
6085
6101
6155
6159
6176
6204
6215
6243
6254
6290
6293
6294
6301
6301
6317
6331
6334
6391
6398
6409
6416
6432
6435
6480
6554
6613
6615
6680
6682
6683
6704
6708
6714
6723
6733
6765
6783
6807
6821
6821
6869
6883
6887
6894
6895
6903
6910
6919
6919
6983
7030
7037
7048
7075
7095
7149
7151
7151
7161
7174
7202
7216
7221
7229
7244
7258
7262
7269
7282
7291
7295
7296
7353
7411
7465
7492
7493
7498
7505
7518
7544
7546
7557
7567
7608
7633
7642
7645
7660
7663
7666
7667
7674
7727
7731
7737
7772
7775
7781
7783
7823
7825
7856
7872
7881
7884
7890
7935
7959
7968
7981
7990
7996
8006
8032
8124
8161
8163
8182
8187
8194
8215
8234
8242
8258
8293
8313
8353
8358
8375
8397
8410
8413
8450
8457
8465
8478
8486
8523
8574
8576
8604
8611
8612
8615
8618
8650
8655
8655
8670
8685
8687
8693
8704
8709
8772
8786
8790
8844
8849
8852
8886
8891
8894
8894
8973
8974
8981
8995
9002
9034
9097
9102
9106
9122
9131
9175
9178
9207
9219
9275
9304
9304
9331
9333
9341
9371
9377
9381
9400
9402
9403
9407
9408
9432
9472
9479
9495
9501
9540
9542
9551
9560
9564
9580
9596
9632
9647
9660
9660
9720
9734
9755
9791
9802
9804
9824
9834
9853
9858
9893
9902
9916
9919
9948
9963
9966
9986
9988
